%YAML:1.0
Cameras:
   - PrimeSense
Projectors:
   - Optoma
PrimeSense:
   imageWidth: 640
   imageHeight: 480
   responseGamma: 2.2000000000000002e+00
   cameraMatrix: !!opencv-matrix
      rows: 3
      cols: 3
      dt: d
      data: [ 5.5360225299871570e+02, 0., 3.5995688847001770e+02, 0.,
          5.5041277462220103e+02, 2.4854956103881648e+02, 0., 0., 1. ]
   distortionCoeffs: !!opencv-matrix
      rows: 1
      cols: 4
      dt: d
      data: [ -1.8454238848267145e-02, 3.4900946820689221e-01,
          6.1095928495277663e-03, 2.7359802064634283e-02 ]
   extrParams: !!opencv-matrix
      rows: 25
      cols: 6
      dt: d
      data: [ 6.9794249135340561e-02, -2.3550529464186651e-01,
          3.4381317856723687e-02, -1.6020495764079621e+03,
          -1.1154058588642522e+03, 4.3083483192348158e+03,
          -3.5822683598837217e-02, -1.3192615160026341e-01,
          3.7887041046903318e-02, -1.3786371233316208e+03,
          -1.0156402479373158e+03, 3.9800557778379093e+03,
          -1.8035665625812196e-03, 3.0730301709580232e-01,
          -9.5228659816380470e-03, -1.0694564374671099e+03,
          -9.4146119670891176e+02, 4.2088365416136876e+03,
          4.2967470132898355e-01, -1.3174475208899997e-01,
          7.4710051450033843e-02, -1.2445918235549818e+03,
          -1.0382264214969387e+03, 3.3055853652978267e+03,
          -4.4747682701144081e-01, -1.9969842418167671e-01,
          2.1529884524611045e-02, -1.4039684216960513e+03,
          -1.0874260567717913e+03, 3.6786797014864806e+03,
          -5.0981040719189616e-02, -1.3868493879303558e-02,
          -5.3858057710983995e-02, -1.8236736302271938e+03,
          -9.1610558906415554e+02, 4.1107504936558453e+03,
          2.0157366689724374e-01, 1.1643761230853301e-02,
          -8.1244419859635111e-02, -1.8873870182896103e+03,
          -8.5221232725107018e+02, 3.7784257986078937e+03,
          -3.9395315539069553e-01, 1.6155478947940258e-02,
          -5.1929006296097369e-02, -1.8197376273290006e+03,
          -8.0259609583281781e+02, 4.6066612427007904e+03,
          -1.2536038503921931e-01, -3.4583119447278282e-01,
          -8.5605785156260376e-03, -1.7929685298002635e+03,
          -1.1073257373061865e+03, 3.5751219063052740e+03,
          -1.4008083120376894e-01, 1.2649579664122554e-01,
          -4.3439439242107150e-02, -1.5796719649178178e+03,
          -9.5302880910598208e+02, 3.9927745157392510e+03,
          -1.0116645135805540e-01, 1.8079484364503218e-01,
          -4.6987793388665260e-02, -1.3007154235574403e+03,
          -1.0844750717038780e+03, 3.8732236895886585e+03,
          -1.1167928008294828e-01, 8.9450731689213248e-02,
          1.5335530321750243e-01, -8.7797136876294383e+02,
          -1.0860176530017211e+03, 3.8075144384401174e+03,
          -1.2632766849449772e-01, -2.5649249740795044e-01,
          7.9906765518708733e-02, -1.1917948496153354e+03,
          -1.1572316651898379e+03, 3.7217653186064294e+03,
          1.3772690445590749e-01, -2.5506823914199933e-01,
          7.3409148792925150e-02, -8.9828420410995125e+02,
          -1.5240304760331753e+03, 3.4798391148372275e+03,
          -7.7310413106588274e-02, -1.0699162302125852e-01,
          6.7054234518672210e-03, -1.4902928823206034e+03,
          -1.1018679504075953e+03, 3.7899853694426943e+03,
          -1.6379623557027250e-02, -4.6847799991845150e-02,
          4.1676373852899871e-02, -1.3659354161755771e+03,
          -1.1102980517379160e+03, 4.0733081826357843e+03,
          3.5357101455035528e-01, -5.5799688884804431e-02,
          -7.4541436240728983e-03, -1.4687787497616944e+03,
          -1.0274671128266652e+03, 3.6103452811868779e+03,
          -4.9675673775650719e-01, 6.0981991075431216e-02,
          1.9325253530594173e-02, -1.4370801989399774e+03,
          -9.9152396268259531e+02, 4.2612785757942320e+03,
          1.5641887438733554e-01, 5.0060165873239047e-02,
          -8.3561774778397990e-02, -1.4826950314137118e+03,
          -7.3037035273799131e+02, 3.2734752395263508e+03,
          -2.3320287963214090e-01, 3.7176584613279828e-02,
          -7.5025699768157636e-02, -1.4890920572025298e+03,
          -7.8872700671796883e+02, 3.7557529060182724e+03,
          -5.0551979462371888e-01, 2.8361816508968078e-02,
          -8.1263781657665041e-02, -1.5431486309749628e+03,
          -8.6325548844043192e+02, 3.8418815433496047e+03,
          -1.3006538598306200e-01, 4.3889219864222402e-02,
          1.5596918763971046e-03, -1.7786950751293607e+03,
          -9.1001657028061754e+02, 3.8701413187613107e+03,
          -1.4635937674574384e-01, 1.6132293556574365e-01,
          -3.1133699989549724e-02, -1.8492759715464076e+03,
          -7.9478596211938236e+02, 3.2642968346462903e+03,
          -1.7773657174326052e-01, 3.5977707713672014e-01,
          -2.0615433567830146e-02, -1.5529528328509816e+03,
          -6.4107914372097196e+02, 3.8726312151795350e+03,
          -1.4228267354586246e-01, 5.9248173108364104e-02,
          -1.5418286056943257e-02, -1.7752851043375767e+03,
          -7.8635253480002359e+02, 3.4918240109749718e+03 ]
   reprojErrs: !!opencv-matrix
      rows: 1
      cols: 25
      dt: d
      data: [ 1.1874187910102836e+00, 9.7635807069630143e-01,
          7.6027723136443526e-01, 1.0864496352223720e+00,
          1.0503234505522141e+00, 1.0766960159245926e+00,
          1.2231842233852404e+00, 9.9806432165192915e-01,
          1.1226455091404306e+00, 6.5658608042039823e-01,
          1.0204945395715330e+00, 4.7879017196440987e-01,
          9.9449621560902979e-01, 1.1638357307621265e+00,
          9.9918099849582820e-01, 8.7444944054459373e-01,
          8.7683454384818715e-01, 8.0486458523598969e-01,
          8.7728523271808356e-01, 1.2675690019114660e+00,
          1.0029623891845127e+00, 1.3495420116772892e+00,
          8.7325227466028010e-01, 1.1193842038895401e+00,
          6.3775960570595380e-01 ]
   avgReprojErr: 1.0113149079599908e+00
   maxReprojErr: 2.7332262005022012e+00
   R: !!opencv-matrix
      rows: 3
      cols: 3
      dt: d
      data: [ 1., 0., 0., 0., 1., 0., 0., 0., 1. ]
   T: !!opencv-matrix
      rows: 3
      cols: 1
      dt: d
      data: [ 0., 0., 0. ]
   E: !!opencv-matrix
      rows: 3
      cols: 3
      dt: d
      data: [ 0., 0., 0., 0., 0., 0., 0., 0., 0. ]
   F: !!opencv-matrix
      rows: 3
      cols: 3
      dt: d
      data: [ 0., 0., 0., 0., 0., 0., 0., 0., 0. ]
   avgEpipolarErr: 0.
   maxEpipolarErr: 0.
   colorOrder: BGR
   avgColorErr: 0.
   colorR2: 1.
